,index,Mentions,Bearish,Neutral,Bullish,Total/Compound
0,GME,182,0.073,0.796,0.131,0.106
1,AMC,67,0.112,0.794,0.094,0.003
2,SPY,65,0.134,0.721,0.144,0.024
3,HOOD,60,0.135,0.746,0.119,-0.086
4,TSLA,46,0.093,0.684,0.223,0.171
5,DD,43,0.085,0.811,0.104,0.031
6,MSFT,27,0.078,0.786,0.136,0.087
7,NG,24,0.054,0.795,0.151,0.113
8,YOU,19,0.184,0.687,0.129,-0.111
9,AAPL,17,0.078,0.632,0.29,0.203
10,IS,17,0.054,0.812,0.135,0.179
11,AMD,15,0.053,0.792,0.155,0.15
12,NFLX,14,0.172,0.774,0.053,-0.175
13,BB,14,0.027,0.91,0.063,0.083
14,PTON,14,0.097,0.798,0.105,0.034
15,QQQ,14,0.071,0.821,0.107,0.114
16,TA,14,0.08,0.778,0.142,0.118
17,UP,13,0.104,0.781,0.115,0.089
18,JP,13,0.099,0.675,0.226,0.123
19,PLTR,11,0.181,0.747,0.072,-0.233
20,SNDL,11,0.046,0.735,0.219,0.375
21,MNMD,11,0.014,0.784,0.202,0.353
22,ON,11,0.068,0.811,0.121,0.104
23,INTC,10,0.133,0.75,0.117,-0.129
24,RH,10,0.212,0.674,0.114,-0.261
25,DWAC,10,0.017,0.723,0.261,0.389
26,TS,10,0.007,0.973,0.02,0.082
27,FOMC,9,0.049,0.877,0.074,-0.004
28,WE,9,0.057,0.785,0.158,0.235
29,TLRY,9,0.021,0.782,0.198,0.357
30,FOR,9,0.137,0.74,0.123,0.047
31,IT,8,0.109,0.775,0.116,0.007
32,QS,8,0.053,0.864,0.083,0.068
33,ME,7,0.012,0.81,0.178,0.218
34,NVDA,7,0.103,0.743,0.154,0.208
35,DTE,7,0.106,0.735,0.159,0.139
36,ING,7,0.064,0.742,0.194,0.12
37,NE,7,0.042,0.804,0.153,0.117
38,ST,7,0.15,0.807,0.042,-0.199
39,RS,7,0.087,0.636,0.277,0.289
40,BE,7,0.061,0.826,0.113,0.042
41,VS,7,0.085,0.798,0.117,0.066
42,NEW,7,0.037,0.863,0.101,0.124
43,UBER,6,0.0,0.728,0.272,0.563
44,ARK,6,0.033,0.91,0.057,0.079
45,WISH,6,0.065,0.67,0.264,0.179
46,NVAX,6,0.108,0.724,0.167,0.158
47,LCID,6,0.114,0.693,0.192,0.021
48,ALL,6,0.167,0.722,0.112,-0.098
49,BBBY,6,0.134,0.772,0.094,-0.045
50,LFG,6,0.0,0.769,0.231,0.375
51,IBM,6,0.096,0.645,0.259,0.037
52,BBIG,6,0.062,0.938,0.0,-0.076
53,SDC,6,0.017,0.658,0.325,0.227
54,DAO,6,0.0,0.93,0.07,0.11
55,PM,6,0.045,0.925,0.03,-0.001
56,FB,6,0.129,0.67,0.201,0.223
57,ES,6,0.138,0.628,0.234,0.183
58,SPOT,6,0.102,0.853,0.045,-0.045
59,TV,5,0.161,0.826,0.013,-0.396
60,OUT,5,0.169,0.771,0.061,-0.07
61,ARE,5,0.362,0.599,0.039,-0.365
62,BULL,5,0.078,0.436,0.486,0.671
63,AM,5,0.03,0.723,0.246,0.498
64,NIO,5,0.07,0.818,0.111,-0.022
65,MC,5,0.058,0.756,0.187,0.511
66,CAN,5,0.094,0.75,0.156,0.135
67,DIDI,5,0.009,0.861,0.13,0.605
68,XELA,5,0.0,0.947,0.053,0.162
69,AL,5,0.028,0.508,0.465,0.588
70,GM,5,0.0,1.0,0.0,0.0
71,ED,5,0.122,0.815,0.063,-0.08
72,TMRC,5,0.009,0.916,0.075,0.317
73,NGS,4,0.035,0.596,0.37,0.622
74,LL,4,0.224,0.679,0.097,-0.105
75,NS,4,0.0,0.883,0.117,0.343
76,RTX,4,0.061,0.669,0.27,0.371
77,FANG,4,0.019,0.833,0.148,0.503
78,GO,4,0.153,0.698,0.149,0.073
79,PSA,4,0.0,1.0,0.0,0.0
80,CENN,4,0.047,0.938,0.015,-0.182
81,CMC,4,0.053,0.578,0.37,0.836
82,VLN,4,0.018,0.797,0.185,0.477
83,WW,4,0.0,0.823,0.177,0.313
84,SOFI,4,0.0,0.729,0.271,0.412
85,CAL,4,0.0,0.641,0.359,0.54
86,ROCK,4,0.044,0.85,0.106,0.005
87,DKNG,4,0.0,0.931,0.069,0.204
88,SENS,4,0.027,0.758,0.215,0.277
89,AAL,4,0.121,0.698,0.181,0.22
90,FSD,4,0.0,0.858,0.142,0.335
91,RC,4,0.031,0.858,0.111,0.113
92,TSRI,4,0.107,0.783,0.11,0.07
93,SO,4,0.022,0.833,0.145,0.232
94,HAS,3,0.0,0.888,0.112,0.182
95,RY,3,0.221,0.668,0.112,-0.223
96,EA,3,0.138,0.787,0.074,-0.141
97,UONE,3,0.0,1.0,0.0,0.0
98,MTCH,3,0.377,0.562,0.062,-0.415
99,AMZN,3,0.0,0.842,0.158,0.267
100,CCL,3,0.071,0.629,0.3,0.394
101,USA,3,0.05,0.777,0.173,0.319
102,AI,3,0.0,0.896,0.104,0.288
103,RSI,3,0.158,0.842,0.0,-0.279
104,ATVI,3,0.083,0.817,0.1,-0.003
105,CG,3,0.07,0.663,0.268,0.789
106,OC,3,0.0,0.921,0.079,0.12
107,GMVD,3,0.0,0.75,0.25,0.425
108,PRPL,3,0.062,0.719,0.219,0.343
109,GE,3,0.222,0.69,0.088,-0.198
110,PIXY,3,0.167,0.833,0.0,-0.153
111,ACB,3,0.044,0.773,0.183,0.438
112,SP,3,0.035,0.851,0.113,0.287
113,PT,3,0.024,0.73,0.247,0.636
114,ABNB,3,0.043,0.749,0.207,0.392
115,LE,3,0.0,0.91,0.09,0.224
116,PHI,3,0.0,0.442,0.558,0.979
117,PHIL,3,0.0,0.442,0.558,0.979
118,NOW,3,0.0,1.0,0.0,0.0
119,FUBO,3,0.0,0.98,0.02,0.106
120,ONE,3,0.101,0.631,0.267,0.296
121,TOP,3,0.0,0.826,0.174,0.489
122,CORZ,3,0.054,0.654,0.292,0.432
123,PETZ,3,0.028,0.684,0.288,0.372
124,BYND,3,0.476,0.524,0.0,-0.479
125,AMRN,3,0.0,1.0,0.0,0.0
126,XCUR,3,0.0,0.319,0.681,0.854
127,NR,3,0.0,0.957,0.043,0.14
128,DRS,3,0.0,0.818,0.182,0.264
129,TAL,3,0.0,0.889,0.111,0.346
130,OM,3,0.0,0.64,0.36,0.776
131,HEXO,3,0.041,0.854,0.105,0.232
132,RIDE,3,0.102,0.69,0.208,0.141
133,PYPL,3,0.0,0.844,0.156,0.289
134,ZIM,3,0.2,0.682,0.119,-0.279
135,BTT,3,0.249,0.607,0.143,-0.402
136,COIN,3,0.249,0.607,0.143,-0.402
137,GAME,3,0.146,0.854,0.0,-0.246
138,BA,2,0.0,0.856,0.145,0.295
139,RELI,2,0.081,0.575,0.345,0.552
140,SI,2,0.0,0.611,0.39,0.689
141,IBKR,2,0.068,0.864,0.068,0.0
142,AMP,2,0.064,0.669,0.267,0.095
143,XP,2,0.0,0.526,0.474,0.542
144,UK,2,0.092,0.908,0.0,-0.201
145,HP,2,0.08,0.871,0.049,-0.075
146,SKLZ,2,0.104,0.863,0.033,-0.278
147,SAVA,2,0.055,0.728,0.217,0.249
148,BRO,2,0.305,0.454,0.24,-0.082
149,KTRA,2,0.0,0.738,0.262,0.493
150,SNAP,2,0.032,0.832,0.136,0.44
151,OG,2,0.0,1.0,0.0,0.0
152,MA,2,0.046,0.929,0.025,-0.181
153,NKLA,2,0.0,0.887,0.113,0.22
154,SPCE,2,0.0,0.887,0.113,0.22
155,HUGE,2,0.043,0.466,0.491,0.613
156,NEXT,2,0.07,0.879,0.051,-0.253
157,DISCK,2,0.0,0.844,0.156,0.359
158,MSM,2,0.346,0.654,0.0,-0.57
159,OGI,2,0.169,0.736,0.096,-0.244
160,EGY,2,0.074,0.849,0.077,-0.137
161,BY,2,0.0,0.923,0.077,0.281
162,FUND,2,0.0,0.853,0.147,0.504
163,RUN,2,0.0,0.762,0.238,0.759
164,SE,2,0.0,0.756,0.243,0.462
165,TXN,2,0.049,0.759,0.193,0.295
166,BEST,2,0.0,0.799,0.201,0.793
167,CRK,2,0.0,1.0,0.0,0.0
168,OP,2,0.0,0.583,0.417,0.736
169,PROG,2,0.059,0.839,0.102,0.125
170,CC,2,0.139,0.605,0.256,0.118
171,GLD,2,0.0,1.0,0.0,0.0
172,RIG,2,0.0,0.841,0.16,0.398
173,ALNA,2,0.0,1.0,0.0,0.0
174,CE,2,0.281,0.719,0.0,-0.408
175,WKHS,2,0.0,1.0,0.0,0.0
176,BROS,2,0.25,0.635,0.116,-0.028
177,BOOM,2,0.0,1.0,0.0,0.0
178,NAVI,2,0.416,0.584,0.0,-0.359
179,INO,2,0.0,0.84,0.16,0.406
180,AG,2,0.0,0.463,0.537,0.696
181,DNA,2,0.0,0.84,0.16,0.406
182,GTE,2,0.207,0.647,0.146,-0.063
183,MDRR,2,0.0,1.0,0.0,0.0
184,MEME,2,0.0,0.742,0.258,0.507
185,ROLL,2,0.0,0.699,0.301,0.472
186,JPM,2,0.171,0.829,0.0,-0.416
187,DE,2,0.182,0.818,0.0,-0.339
188,MYOV,2,0.0,1.0,0.0,0.0
189,ONS,2,0.0,0.501,0.499,0.98
190,TSP,2,0.035,0.908,0.057,0.063
191,JAN,2,0.367,0.633,0.0,-0.694
192,TSM,2,0.049,0.952,0.0,-0.064
193,BAC,2,0.279,0.368,0.353,0.22
194,BIG,2,0.035,0.865,0.1,0.411
195,HYZN,2,0.0,1.0,0.0,0.0
196,JOBY,2,0.234,0.707,0.059,-0.112
197,TD,2,0.0,1.0,0.0,0.0
198,CHWY,2,0.0,0.226,0.773,0.718
199,RE,2,0.0,0.744,0.256,0.398
200,RYAN,2,0.0,1.0,0.0,0.0
201,TOMDF,2,0.0,0.615,0.385,0.361
202,RBLX,2,0.122,0.877,0.0,-0.191
203,NMR,2,0.0,0.794,0.207,0.43
204,PLUG,2,0.239,0.568,0.193,-0.16
205,INDO,2,0.0,0.584,0.416,0.359
206,AA,2,0.156,0.844,0.0,-0.359
207,CD,2,0.0,1.0,0.0,0.0
208,HEAR,2,0.0,1.0,0.0,0.0
209,MATW,2,0.109,0.891,0.0,-0.051
210,BUD,2,0.531,0.312,0.156,-0.229
211,NYC,2,0.0,1.0,0.0,0.0
212,ADMA,2,0.0,0.635,0.365,0.646
213,BABA,2,0.088,0.798,0.114,0.077
214,COOL,2,0.363,0.323,0.314,-0.352
215,TOPS,2,0.0,0.683,0.317,0.896
216,ASTR,1,0.0,0.5,0.5,0.718
217,IMO,1,0.497,0.503,0.0,-0.836
218,AMBA,1,0.0,1.0,0.0,0.0
219,IRS,1,0.0,1.0,0.0,0.0
220,LOGI,1,0.0,0.86,0.14,0.2
221,BVN,1,0.231,0.769,0.0,-0.557
222,APT,1,0.0,1.0,0.0,0.0
223,CLOV,1,0.216,0.784,0.0,-0.296
224,REAL,1,0.0,1.0,0.0,0.0
225,NRBO,1,0.0,1.0,0.0,0.0
226,TRX,1,0.16,0.84,0.0,-0.226
227,CHPT,1,0.0,0.838,0.162,0.402
228,SOL,1,0.0,0.769,0.231,0.402
229,FLAG,1,0.0,0.339,0.661,0.599
230,BNGO,1,0.0,1.0,0.0,0.0
231,AVHOQ,1,0.0,0.737,0.263,0.361
232,TME,1,0.1,0.788,0.112,0.158
233,ANGI,1,0.0,1.0,0.0,0.0
234,KSS,1,0.636,0.364,0.0,-0.542
235,WTI,1,0.649,0.351,0.0,-0.572
236,PG,1,0.0,0.75,0.25,0.612
237,VIEW,1,0.0,1.0,0.0,0.0
238,CGC,1,0.344,0.656,0.0,-0.888
239,PDT,1,0.0,1.0,0.0,0.0
240,NICE,1,0.0,0.629,0.371,0.547
241,POW,1,0.0,0.902,0.098,0.077
242,EVER,1,0.39,0.61,0.0,-0.494
243,OR,1,0.0,0.775,0.225,0.44
244,DOCU,1,0.0,1.0,0.0,0.0
245,INSG,1,0.0,1.0,0.0,0.0
246,OPK,1,0.0,0.769,0.231,0.66
247,PLAY,1,0.389,0.263,0.347,-0.421
248,WELL,1,0.389,0.263,0.347,-0.421
249,EOD,1,0.114,0.481,0.405,0.769
250,SFT,1,0.0,1.0,0.0,0.0
251,TIL,1,0.255,0.745,0.0,-0.923
252,RKDA,1,0.0,1.0,0.0,0.0
253,SVXY,1,0.0,1.0,0.0,0.0
254,AU,1,0.587,0.413,0.0,-0.796
255,PEAK,1,0.0,0.769,0.231,0.273
256,AR,1,0.14,0.757,0.102,-0.507
257,AZ,1,0.402,0.598,0.0,-0.4
258,METX,1,0.119,0.881,0.0,-0.402
259,RKLB,1,0.119,0.444,0.437,0.649
260,BLK,1,0.0,0.791,0.209,0.44
261,GRWG,1,0.337,0.472,0.191,-0.488
262,PSLV,1,0.0,0.286,0.714,0.718
263,MOST,1,0.0,0.846,0.154,0.562
264,GET,1,0.0,0.846,0.154,0.562
265,SON,1,0.652,0.348,0.0,-0.817
266,NDAQ,1,0.0,1.0,0.0,0.0
267,CTRM,1,0.0,1.0,0.0,0.0
268,SRNE,1,0.182,0.818,0.0,-0.44
269,DSX,1,0.0,1.0,0.0,0.0
270,TXMD,1,0.0,1.0,0.0,0.0
271,RETO,1,0.0,1.0,0.0,0.0
272,ADGI,1,0.0,1.0,0.0,0.0
273,CASH,1,0.0,1.0,0.0,0.0
274,CRON,1,0.0,1.0,0.0,0.0
275,LCLP,1,0.0,1.0,0.0,0.0
276,NOM,1,0.307,0.693,0.0,-0.663
277,IVR,1,0.0,1.0,0.0,0.0
278,SIGA,1,0.0,0.562,0.438,0.832
279,AVGR,1,0.0,1.0,0.0,0.0
280,COST,1,0.092,0.658,0.25,0.718
281,SMRT,1,0.0,0.804,0.196,0.296
282,ML,1,0.0,1.0,0.0,0.0
283,TKLF,1,0.0,1.0,0.0,0.0
284,FSR,1,0.0,1.0,0.0,0.0
285,STEM,1,0.0,0.324,0.676,0.978
286,SAFE,1,0.06,0.636,0.304,0.873
287,JOB,1,0.0,0.715,0.285,0.847
288,HOPE,1,0.0,0.495,0.505,0.847
289,PH,1,0.0,1.0,0.0,0.0
290,BGFV,1,0.121,0.364,0.514,0.866
291,OXY,1,0.068,0.485,0.447,0.918
292,FFIV,1,0.417,0.583,0.0,-0.718
293,CFVI,1,0.0,0.429,0.571,0.652
294,BFRI,1,0.0,0.556,0.444,0.832
295,ATOM,1,0.0,0.866,0.134,0.178
296,LUNA,1,0.0,0.866,0.134,0.178
297,HS,1,0.211,0.621,0.168,-0.178
298,XM,1,0.0,0.145,0.855,0.929
299,ALLY,1,0.425,0.575,0.0,-0.572
300,ELMS,1,0.333,0.667,0.0,-0.718
301,MF,1,0.0,1.0,0.0,0.0
302,ADBE,1,0.0,0.795,0.205,0.202
303,ASML,1,0.0,0.795,0.205,0.202
304,BP,1,0.352,0.648,0.0,-0.847
305,GEO,1,0.0,0.664,0.336,0.796
306,FRLN,1,0.0,0.328,0.672,0.625
307,BC,1,0.0,1.0,0.0,0.0
308,CTS,1,0.0,1.0,0.0,0.0
309,SEE,1,0.0,0.67,0.33,0.712
310,MRNA,1,0.0,0.617,0.383,0.735
311,GATO,1,0.211,0.789,0.0,-0.34
312,CVX,1,0.061,0.58,0.359,0.896
313,XOM,1,0.061,0.58,0.359,0.896
314,VLO,1,0.061,0.58,0.359,0.896
315,PAYO,1,0.0,1.0,0.0,0.0
316,RNG,1,0.0,1.0,0.0,0.0
317,CLNE,1,0.0,1.0,0.0,0.0
318,PSFE,1,0.0,1.0,0.0,0.0
319,GRRR,1,0.0,1.0,0.0,0.0
320,CLF,1,0.0,1.0,0.0,0.0
321,GRPN,1,0.0,0.612,0.388,0.226
322,XXII,1,0.134,0.777,0.088,-0.077
323,EBON,1,0.0,1.0,0.0,0.0
324,DNMR,1,0.5,0.5,0.0,-0.459
325,DISCA,1,0.0,1.0,0.0,0.0
326,ARVL,1,0.375,0.625,0.0,-0.459
327,VTVT,1,0.0,1.0,0.0,0.0
328,LOVE,1,0.0,0.192,0.808,0.637
329,ANY,1,0.131,0.686,0.183,0.226
330,BITF,1,0.131,0.686,0.183,0.226
331,NCTY,1,0.131,0.686,0.183,0.226
332,HUT,1,0.131,0.686,0.183,0.226
333,APR,1,0.0,0.887,0.113,0.511
334,HTBX,1,0.0,1.0,0.0,0.0
335,KTTA,1,0.132,0.692,0.176,0.176
336,ABCL,1,0.0,1.0,0.0,0.0
337,OUST,1,0.0,1.0,0.0,0.0
338,DS,1,0.184,0.816,0.0,-0.707
339,MTN,1,0.0,1.0,0.0,0.0
340,POST,1,0.338,0.662,0.0,-0.625
341,TH,1,0.338,0.662,0.0,-0.625
342,SPRO,1,0.0,0.625,0.375,0.202
343,ESS,1,0.807,0.193,0.0,-0.636
344,TY,1,0.0,1.0,0.0,0.0
345,SAVE,1,0.0,0.484,0.516,0.494
346,PHUNW,1,0.0,0.86,0.14,0.447
347,PHUN,1,0.0,0.86,0.14,0.447
348,NGL,1,0.0,1.0,0.0,0.0
349,NNDM,1,0.312,0.688,0.0,-0.718
350,FLWS,1,0.151,0.732,0.117,-0.178
351,FREE,1,0.0,0.313,0.687,0.963
352,TCS,1,0.0,0.692,0.308,0.459
353,BEEM,1,0.0,1.0,0.0,0.0
354,ABB,1,0.0,1.0,0.0,0.0
355,UL,1,0.0,0.385,0.615,0.153
356,AKA,1,0.0,1.0,0.0,0.0
357,EMO,1,0.534,0.466,0.0,-0.556
358,BBAI,1,0.0,1.0,0.0,0.0
359,LD,1,0.0,0.167,0.833,0.718
360,KSCP,1,0.0,0.745,0.255,0.34
361,HE,1,0.0,1.0,0.0,0.0
362,BODY,1,0.0,1.0,0.0,0.0
363,BOIL,1,0.0,0.619,0.381,0.79
364,PL,1,0.0,1.0,0.0,0.0
365,BOOT,1,0.0,1.0,0.0,0.0
366,RIVN,1,0.0,1.0,0.0,0.0
367,TM,1,0.0,1.0,0.0,0.0
368,ASA,1,0.0,1.0,0.0,0.0
369,GOOGL,1,0.347,0.417,0.236,-0.382
370,UNFI,1,0.443,0.557,0.0,-0.748
371,AIR,1,0.0,0.42,0.58,0.784
372,EPD,1,0.137,0.504,0.36,0.625
373,SSR,1,0.0,1.0,0.0,0.0
374,RMO,1,0.0,1.0,0.0,0.0
375,ROKU,1,0.0,1.0,0.0,0.0
376,UVXY,1,0.37,0.435,0.196,-0.34
377,TLSS,1,0.0,1.0,0.0,0.0
378,CHGG,1,0.296,0.704,0.0,-0.273
379,ESGC,1,0.0,0.865,0.135,0.691
380,GB,1,0.0,1.0,0.0,0.0
381,OPEN,1,0.0,1.0,0.0,0.0
382,PATH,1,0.0,1.0,0.0,0.0
383,TMC,1,0.135,0.519,0.346,0.727
384,WHEN,1,0.263,0.737,0.0,-0.718
385,IO,1,0.0,0.411,0.589,0.774
386,GOEV,1,0.184,0.816,0.0,-0.402
387,DENN,1,0.0,0.508,0.492,0.893
388,SQ,1,0.0,0.531,0.469,0.909
389,MDT,1,0.0,1.0,0.0,0.0
390,TOL,1,0.0,0.615,0.385,0.361
391,CRDO,1,0.0,0.8,0.2,0.361
392,ZG,1,0.062,0.46,0.478,0.959
393,EFT,1,0.0,1.0,0.0,0.0
394,VIAC,1,0.0,0.8,0.2,0.361
395,BILI,1,0.556,0.444,0.0,-0.361
396,HIMX,1,0.0,0.667,0.333,0.613
397,LUV,1,0.0,0.775,0.225,0.944
398,UAL,1,0.0,0.775,0.225,0.944
399,HGEN,1,0.295,0.545,0.159,-0.459
400,GTEH,1,0.399,0.601,0.0,-0.248
401,CCAC,1,0.0,1.0,0.0,0.0
402,LMAO,1,0.0,0.519,0.481,0.684
403,CRDF,1,0.0,1.0,0.0,0.0
404,WOW,1,0.144,0.197,0.658,0.833
405,AIKI,1,0.057,0.437,0.505,0.961
406,KOPN,1,0.0,1.0,0.0,0.0
407,WYNN,1,0.0,1.0,0.0,0.0
408,CAT,1,0.067,0.503,0.43,0.818
409,NEGG,1,0.077,0.923,0.0,-0.128
410,MBRX,1,0.0,1.0,0.0,0.0
411,OWL,1,0.0,1.0,0.0,0.0
412,IRL,1,0.0,1.0,0.0,0.0
413,OTLY,1,0.499,0.501,0.0,-0.61
414,RELY,1,0.0,0.676,0.324,0.34
415,ADXS,1,0.0,1.0,0.0,0.0
416,PEP,1,0.312,0.375,0.312,0.0
417,SAM,1,0.312,0.375,0.312,0.0
418,FORD,1,0.0,1.0,0.0,0.0
419,VGFC,1,0.0,1.0,0.0,0.0
420,ATHX,1,0.0,1.0,0.0,0.0
421,TDOC,1,0.506,0.494,0.0,-0.848
422,BOTH,1,0.115,0.714,0.172,0.533
423,IP,1,0.176,0.71,0.114,-0.4
424,SLAB,1,0.714,0.286,0.0,-0.718
425,MU,1,0.0,1.0,0.0,0.0
426,DNUT,1,0.0,1.0,0.0,0.0
427,ONDS,1,0.0,0.783,0.217,0.361
428,BAL,1,0.0,0.532,0.468,0.8
429,QSI,1,0.0,1.0,0.0,0.0
430,JOUT,1,0.0,0.545,0.455,0.612
431,AMWL,1,0.0,0.824,0.176,0.459
432,BFLY,1,0.0,0.824,0.176,0.459
433,MMND,1,0.0,0.824,0.176,0.459
434,MASS,1,0.118,0.588,0.294,0.67
435,USER,1,0.118,0.588,0.294,0.67
436,LIFE,1,0.0,0.823,0.177,0.713
437,CARE,1,0.0,0.37,0.63,0.899
438,LOAN,1,0.0,0.37,0.63,0.899
439,KHC,1,0.0,1.0,0.0,0.0
440,EBET,1,0.0,1.0,0.0,0.0
441,RKT,1,0.0,0.809,0.191,0.796
442,SRPT,1,0.0,1.0,0.0,0.0
443,TX,1,0.0,0.757,0.243,0.546
444,DIS,1,0.556,0.444,0.0,-0.718
445,HON,1,0.556,0.444,0.0,-0.718
446,LMND,1,0.0,1.0,0.0,0.0
447,FORM,1,0.0,0.792,0.208,0.718
448,CRM,1,0.25,0.5,0.25,0.0
449,SAP,1,0.25,0.5,0.25,0.0
450,MYO,1,0.0,0.401,0.599,0.887
451,III,1,0.0,1.0,0.0,0.0
452,IFRX,1,0.0,1.0,0.0,0.0
453,BW,1,0.0,0.613,0.387,0.743
454,MTTR,1,0.0,0.775,0.225,0.493
455,OIL,1,0.206,0.318,0.476,0.641
456,LEN,1,0.0,0.2,0.8,0.612
