,index,Mentions,Bearish,Neutral,Bullish,Total/Compound
0,GME,112,0.057,0.8,0.143,0.19
1,AMC,107,0.087,0.778,0.136,0.074
2,TSLA,55,0.128,0.72,0.151,0.05
3,SPY,43,0.064,0.75,0.186,0.175
4,DD,36,0.056,0.833,0.111,0.164
5,NIO,31,0.051,0.895,0.054,0.032
6,JP,23,0.038,0.761,0.201,0.308
7,OG,22,0.059,0.781,0.159,0.248
8,ON,21,0.046,0.815,0.139,0.178
9,NG,18,0.09,0.803,0.108,0.053
10,AAPL,17,0.031,0.755,0.213,0.358
11,WISH,17,0.098,0.657,0.244,0.227
12,BFRI,16,0.17,0.726,0.103,-0.093
13,PLTR,14,0.099,0.742,0.159,0.083
14,IT,13,0.077,0.731,0.191,0.234
15,UWMC,13,0.144,0.703,0.153,0.073
16,IS,13,0.095,0.733,0.171,0.182
17,PT,12,0.194,0.716,0.089,-0.114
18,JPM,12,0.146,0.813,0.041,-0.243
19,SDC,12,0.501,0.396,0.104,-0.306
20,NVDA,11,0.01,0.737,0.252,0.296
21,FOR,11,0.139,0.711,0.15,0.208
22,QQQ,10,0.183,0.699,0.118,-0.232
23,VIR,9,0.0,0.758,0.242,0.41
24,GO,9,0.0,0.96,0.04,0.053
25,BB,9,0.01,0.757,0.233,0.415
26,NOW,9,0.017,0.602,0.381,0.657
27,MMTLP,9,0.17,0.803,0.027,-0.397
28,ED,9,0.157,0.7,0.143,0.147
29,ANY,9,0.067,0.758,0.175,0.186
30,TA,9,0.0,0.949,0.051,0.091
31,DKNG,9,0.009,0.864,0.128,0.19
32,PFE,9,0.0,0.724,0.276,0.447
33,UP,8,0.021,0.922,0.057,0.042
34,LOGI,8,0.319,0.593,0.088,-0.473
35,ADBE,8,0.366,0.527,0.107,-0.368
36,PTPI,8,0.115,0.836,0.05,0.089
37,NOK,8,0.009,0.786,0.205,0.35
38,LCID,7,0.021,0.803,0.176,0.238
39,ROKU,7,0.0,0.828,0.172,0.33
40,TLRY,7,0.08,0.649,0.271,0.39
41,MVIS,7,0.1,0.73,0.17,0.169
42,FDX,7,0.169,0.571,0.261,0.061
43,AI,7,0.167,0.675,0.158,-0.009
44,HOOD,7,0.25,0.57,0.18,-0.044
45,FREE,7,0.0,0.39,0.61,0.674
46,ALL,7,0.07,0.671,0.259,0.257
47,STEM,7,0.018,0.968,0.014,-0.018
48,CRTX,6,0.129,0.597,0.274,0.287
49,COIN,6,0.0,0.841,0.159,0.278
50,ESSC,6,0.0,0.839,0.161,0.437
51,AMD,6,0.083,0.716,0.201,0.117
52,GGPI,6,0.027,0.737,0.236,0.371
53,ALZN,6,0.019,0.817,0.164,0.333
54,UK,6,0.034,0.873,0.093,0.083
55,MEME,6,0.013,0.879,0.108,0.348
56,PLBY,6,0.057,0.766,0.177,0.268
57,CLOV,6,0.089,0.703,0.207,0.126
58,MMAT,6,0.075,0.579,0.347,0.368
59,PL,6,0.084,0.789,0.127,0.046
60,ONE,6,0.101,0.773,0.125,0.12
61,MSFT,6,0.017,0.76,0.223,0.376
62,FOMC,6,0.0,1.0,0.0,0.0
63,TTCF,6,0.157,0.696,0.148,-0.134
64,ME,6,0.046,0.637,0.317,0.415
65,DTE,6,0.111,0.624,0.265,0.265
66,BYND,5,0.16,0.79,0.05,-0.141
67,TD,5,0.057,0.824,0.119,0.103
68,DWAC,5,0.018,0.945,0.036,0.127
69,SI,5,0.025,0.898,0.077,0.042
70,RH,5,0.097,0.772,0.132,0.259
71,SEAC,5,0.045,0.885,0.069,0.061
72,CLNE,5,0.198,0.802,0.0,-0.318
73,DM,5,0.201,0.636,0.163,-0.061
74,MA,5,0.095,0.784,0.121,-0.05
75,RKT,5,0.24,0.546,0.215,-0.207
76,ING,5,0.074,0.826,0.099,0.145
77,BBIG,5,0.0,0.93,0.07,0.115
78,PLUG,5,0.0,0.851,0.149,0.149
79,JAN,5,0.078,0.742,0.179,0.441
80,GAIN,5,0.043,0.425,0.532,0.678
81,RIVN,5,0.227,0.689,0.083,-0.239
82,BIG,5,0.077,0.765,0.158,0.059
83,CVM,5,0.156,0.516,0.328,0.34
84,ORC,5,0.057,0.892,0.051,0.178
85,SNDL,5,0.09,0.826,0.083,0.042
86,SOL,5,0.0,1.0,0.0,0.0
87,NVAX,5,0.0,0.526,0.474,0.652
88,BLUE,4,0.099,0.901,0.0,-0.247
89,VIAC,4,0.078,0.792,0.13,0.153
90,DIS,4,0.079,0.648,0.273,0.149
91,BBAI,4,0.191,0.597,0.212,0.004
92,JOB,4,0.0,0.655,0.346,0.545
93,IGMS,4,0.057,0.818,0.125,0.143
94,PSFE,4,0.203,0.759,0.037,-0.161
95,HYLN,4,0.32,0.468,0.212,-0.277
96,RBLX,4,0.151,0.41,0.439,0.309
97,FUBO,4,0.05,0.861,0.089,0.113
98,TV,4,0.148,0.767,0.085,-0.031
99,IONQ,4,0.0,0.824,0.176,0.23
100,BE,4,0.0,0.759,0.241,0.446
101,NEW,4,0.0,0.899,0.101,0.371
102,HAS,4,0.035,0.782,0.183,0.574
103,ES,4,0.066,0.847,0.087,-0.049
104,AVCT,4,0.08,0.869,0.052,-0.089
105,ZIM,4,0.03,0.739,0.231,0.162
106,MOST,4,0.098,0.744,0.157,0.366
107,OCGN,4,0.208,0.792,0.0,-0.18
108,MOS,4,0.0,0.7,0.3,0.229
109,EL,4,0.0,1.0,0.0,0.0
110,GM,4,0.193,0.714,0.093,-0.331
111,ABNB,3,0.202,0.798,0.0,-0.227
112,USA,3,0.0,0.825,0.175,0.35
113,ARE,3,0.05,0.74,0.21,0.275
114,EVO,3,0.0,0.54,0.46,0.878
115,TALK,3,0.043,0.913,0.043,0.0
116,CFVI,3,0.205,0.624,0.171,0.083
117,ARK,3,0.117,0.679,0.203,0.187
118,ARNA,3,0.0,0.861,0.139,0.23
119,LFG,3,0.111,0.889,0.0,-0.181
120,MLCO,3,0.0,0.84,0.16,0.284
121,HEXO,3,0.0,1.0,0.0,0.0
122,BFLY,3,0.335,0.458,0.207,-0.318
123,VIEW,3,0.061,0.91,0.029,-0.186
124,IBM,3,0.0,0.947,0.053,0.153
125,WMT,3,0.0,0.792,0.208,0.239
126,RIDE,3,0.128,0.789,0.083,-0.323
127,WE,3,0.11,0.834,0.055,-0.227
128,TM,3,0.0,0.774,0.226,0.551
129,UPST,3,0.062,0.793,0.145,0.35
130,SE,3,0.0,0.704,0.296,0.547
131,AFRM,3,0.093,0.907,0.0,-0.134
132,YOU,3,0.0,0.803,0.197,0.545
133,RELI,3,0.052,0.724,0.224,0.039
134,MRNA,3,0.101,0.853,0.046,0.046
135,WPP,3,0.0,0.788,0.212,0.264
136,TELL,3,0.169,0.631,0.2,-0.061
137,EOD,3,0.084,0.636,0.28,0.284
138,QNRX,3,0.15,0.749,0.101,-0.043
139,OUT,3,0.0,0.967,0.033,0.038
140,ACN,3,0.0,0.691,0.309,0.351
141,AVNW,3,0.141,0.859,0.0,-0.099
142,TMC,3,0.116,0.662,0.222,0.428
143,VERA,3,0.0,0.876,0.124,0.4
144,ASRT,3,0.036,0.883,0.081,0.371
145,DT,3,0.258,0.742,0.0,-0.306
146,QDEL,3,0.0,1.0,0.0,0.0
147,PYPL,2,0.0,1.0,0.0,0.0
148,BNGO,2,0.0,0.861,0.14,0.114
149,NE,2,0.0,0.763,0.237,0.418
150,CCL,2,0.0,0.409,0.591,0.718
151,LIVE,2,0.0,0.827,0.173,0.439
152,BABA,2,0.0,1.0,0.0,0.0
153,APSG,2,0.0,1.0,0.0,0.0
154,UVXY,2,0.033,0.865,0.102,0.359
155,DS,2,0.278,0.545,0.177,-0.032
156,IGEN,2,0.0,1.0,0.0,0.0
157,AERC,2,0.481,0.474,0.044,-0.588
158,TLS,2,0.0,1.0,0.0,0.0
159,SAVA,2,0.0,0.728,0.272,0.553
160,CYCA,2,0.176,0.749,0.075,-0.44
161,SNAP,2,0.0,1.0,0.0,0.0
162,LWLG,2,0.476,0.403,0.12,-0.818
163,AM,2,0.0,0.826,0.174,0.247
164,GB,2,0.0,1.0,0.0,0.0
165,AB,2,0.0,1.0,0.0,0.0
166,AL,2,0.11,0.891,0.0,-0.051
167,PTON,2,0.058,0.663,0.279,0.466
168,PSA,2,0.28,0.518,0.202,0.106
169,LOVE,2,0.0,0.503,0.497,0.713
170,RCA,2,0.0,1.0,0.0,0.0
171,LTRY,2,0.0,1.0,0.0,0.0
172,TNXP,2,0.0,1.0,0.0,0.0
173,AN,2,0.0,0.613,0.388,0.754
174,TR,2,0.029,0.896,0.075,0.292
175,RS,2,0.059,0.643,0.299,0.557
176,BEST,2,0.0,0.52,0.48,0.855
177,BCTX,2,0.0,0.866,0.134,0.329
178,RE,2,0.059,0.743,0.199,0.518
179,SUNL,2,0.0,1.0,0.0,0.0
180,VS,2,0.3,0.7,0.0,-0.359
181,HUGE,2,0.277,0.573,0.151,-0.177
182,FB,2,0.093,0.482,0.424,0.57
183,BHAT,2,0.0,1.0,0.0,0.0
184,TS,2,0.0,0.78,0.22,0.72
185,LGVN,2,0.181,0.774,0.044,-0.359
186,RY,2,0.107,0.833,0.061,-0.371
187,DRUG,2,0.0,0.819,0.181,0.305
188,WHEN,2,0.074,0.627,0.299,0.654
189,NS,2,0.247,0.559,0.194,0.161
190,ETA,2,0.0,1.0,0.0,0.0
191,CE,2,0.0,0.916,0.084,0.266
192,UBER,2,0.143,0.334,0.523,0.562
193,REAL,2,0.175,0.825,0.0,-0.394
194,GRAB,2,0.228,0.772,0.0,-0.317
195,NKLA,2,0.0,0.78,0.221,0.448
196,PHIL,2,0.0,0.827,0.173,0.835
197,CHGG,2,0.0,1.0,0.0,0.0
198,MQ,2,0.0,0.897,0.103,0.191
199,INTC,2,0.0,0.698,0.302,0.373
200,FAST,2,0.0,0.75,0.249,0.229
201,OST,2,0.37,0.326,0.304,-0.153
202,SQ,2,0.0,0.881,0.119,0.263
203,STM,2,0.0,1.0,0.0,0.0
204,ST,2,0.0,0.876,0.124,0.382
205,DRS,2,0.098,0.607,0.295,0.492
206,BEKE,2,0.307,0.693,0.0,-0.468
207,LMND,2,0.333,0.333,0.333,0.0
208,JNJ,2,0.25,0.75,0.0,-0.229
209,OR,2,0.11,0.591,0.299,0.5
210,BKKT,2,0.0,0.465,0.535,0.318
211,ABCL,2,0.036,0.804,0.16,0.379
212,IRNT,2,0.087,0.913,0.0,-0.137
213,SIDU,2,0.0,1.0,0.0,0.0
214,OPK,2,0.0,0.836,0.164,0.415
215,SHMP,2,0.0,0.9,0.1,0.125
216,BGFV,2,0.0,1.0,0.0,0.0
217,ABML,2,0.168,0.569,0.264,0.473
218,LMAO,2,0.166,0.609,0.225,0.032
219,EH,2,0.0,1.0,0.0,0.0
220,VFF,2,0.137,0.726,0.137,0.0
221,GOEV,2,0.0,0.841,0.159,0.224
222,NEXT,2,0.0,0.725,0.275,0.572
223,EXPE,2,0.166,0.577,0.257,0.309
224,CHW,1,0.0,0.922,0.078,0.318
225,SFT,1,0.272,0.728,0.0,-0.748
226,AKA,1,0.047,0.719,0.233,0.891
227,BJ,1,0.0,1.0,0.0,0.0
228,GEVO,1,0.0,1.0,0.0,0.0
229,HIVE,1,0.0,1.0,0.0,0.0
230,IONS,1,0.0,1.0,0.0,0.0
231,GER,1,0.211,0.507,0.282,0.21
232,XL,1,0.0,0.857,0.143,0.128
233,OGE,1,0.0,0.5,0.5,0.459
234,DARE,1,0.0,0.773,0.227,0.844
235,GP,1,0.112,0.888,0.0,-0.226
236,ROSE,1,0.0,1.0,0.0,0.0
237,TVAC,1,0.0,1.0,0.0,0.0
238,BOAS,1,0.0,1.0,0.0,0.0
239,NU,1,0.0,0.945,0.055,0.026
240,HCP,1,0.0,1.0,0.0,0.0
241,DCGO,1,0.286,0.714,0.0,-0.421
242,EBS,1,0.11,0.735,0.154,0.153
243,NGS,1,0.0,1.0,0.0,0.0
244,VERY,1,0.0,0.597,0.403,0.829
245,TEAM,1,0.023,0.905,0.073,0.405
246,PM,1,0.023,0.905,0.073,0.405
247,HIMX,1,0.0,1.0,0.0,0.0
248,ADMQ,1,0.0,1.0,0.0,0.0
249,DAC,1,0.0,1.0,0.0,0.0
250,DCF,1,0.0,0.8,0.2,0.612
251,ZNGA,1,0.0,0.202,0.798,0.836
252,SR,1,0.136,0.556,0.309,0.586
253,FNA,1,0.0,1.0,0.0,0.0
254,DIAM,1,0.0,0.338,0.662,0.783
255,FORD,1,0.0,0.506,0.494,0.599
256,CNK,1,0.157,0.843,0.0,-0.421
257,GF,1,0.0,0.79,0.21,0.764
258,MU,1,0.052,0.863,0.085,0.333
259,FTCH,1,0.0,1.0,0.0,0.0
260,BKE,1,0.0,1.0,0.0,0.0
261,AIRC,1,0.0,1.0,0.0,0.0
262,AEI,1,0.0,1.0,0.0,0.0
263,IRBT,1,0.0,0.717,0.283,0.743
264,METX,1,0.0,1.0,0.0,0.0
265,TAL,1,0.0,0.719,0.281,0.41
266,IMPX,1,0.0,0.156,0.844,0.659
267,GET,1,0.0,0.58,0.42,0.44
268,CP,1,0.0,0.667,0.333,0.818
269,RC,1,0.0,0.824,0.176,0.572
270,BSFC,1,0.0,0.446,0.554,0.735
271,GAMB,1,0.0,1.0,0.0,0.0
272,PDT,1,0.0,1.0,0.0,0.0
273,RESN,1,0.141,0.418,0.442,0.949
274,ALPP,1,0.0,1.0,0.0,0.0
275,LAZR,1,0.0,0.455,0.545,0.802
276,BODY,1,0.0,1.0,0.0,0.0
277,AR,1,0.0,0.769,0.231,0.912
278,GTLL,1,0.0,1.0,0.0,0.0
279,AFOM,1,0.0,0.612,0.388,0.586
280,NET,1,0.062,0.554,0.385,0.91
281,MAN,1,0.201,0.799,0.0,-0.7
282,VRTX,1,0.0,1.0,0.0,0.0
283,AG,1,0.0,0.927,0.073,0.459
284,SRAD,1,0.0,0.927,0.073,0.459
285,HRTX,1,0.0,0.667,0.333,0.361
286,EVER,1,0.0,0.643,0.357,0.796
287,BY,1,0.0,0.643,0.357,0.796
288,CARE,1,0.0,0.587,0.413,0.64
289,MELI,1,0.116,0.612,0.272,0.511
290,ATVI,1,0.116,0.612,0.272,0.511
291,LAWS,1,0.0,0.844,0.156,0.718
292,HMBL,1,0.268,0.432,0.301,0.099
293,VC,1,0.0,1.0,0.0,0.0
294,SRNE,1,0.0,0.829,0.171,0.509
295,JOAN,1,0.0,1.0,0.0,0.0
296,BULL,1,0.219,0.505,0.276,0.256
297,BOOM,1,0.0,1.0,0.0,0.0
298,CAN,1,0.0,1.0,0.0,0.0
299,ATER,1,0.0,0.791,0.209,0.44
300,RICH,1,0.0,0.188,0.812,0.652
301,LINK,1,0.0,0.816,0.184,0.402
302,DAO,1,0.0,0.299,0.701,0.856
303,TOP,1,0.214,0.665,0.122,-0.743
304,EA,1,0.5,0.5,0.0,-0.459
305,HEP,1,0.0,1.0,0.0,0.0
306,BIT,1,0.0,1.0,0.0,0.0
307,ASX,1,0.0,1.0,0.0,0.0
308,NNDM,1,0.0,0.737,0.263,0.361
309,DE,1,0.0,1.0,0.0,0.0
310,ASML,1,0.0,0.828,0.172,0.317
311,HLTH,1,0.094,0.519,0.387,0.802
312,BMBL,1,0.0,1.0,0.0,0.0
313,SOFI,1,0.166,0.834,0.0,-0.453
314,RIOT,1,0.0,1.0,0.0,0.0
315,PX,1,0.0,0.53,0.47,0.796
316,XM,1,0.158,0.676,0.167,0.052
317,IP,1,0.145,0.855,0.0,-0.47
318,OBSV,1,0.0,1.0,0.0,0.0
319,YI,1,0.0,1.0,0.0,0.0
320,GT,1,0.091,0.909,0.0,-0.25
321,PLAY,1,0.0,0.615,0.385,0.482
322,EAR,1,0.0,1.0,0.0,0.0
323,GLBS,1,0.0,1.0,0.0,0.0
324,GRTX,1,0.0,1.0,0.0,0.0
325,RAM,1,0.0,0.904,0.096,0.433
326,BOXL,1,0.0,1.0,0.0,0.0
327,FUV,1,0.0,1.0,0.0,0.0
328,VLCN,1,0.306,0.694,0.0,-0.296
329,BLZE,1,0.0,1.0,0.0,0.0
330,ROIVW,1,0.123,0.877,0.0,-0.599
331,ROIV,1,0.123,0.877,0.0,-0.599
332,SV,1,0.0,1.0,0.0,0.0
333,NMM,1,0.0,0.511,0.489,0.774
334,AP,1,0.0,0.822,0.178,0.382
335,BWAC,1,0.0,1.0,0.0,0.0
336,APPH,1,0.375,0.625,0.0,-0.459
337,SEV,1,0.0,0.702,0.298,0.768
338,ATAI,1,0.192,0.662,0.146,-0.178
339,CLF,1,0.0,0.795,0.205,0.52
340,CAT,1,0.0,1.0,0.0,0.0
341,JSDA,1,0.0,1.0,0.0,0.0
342,ALLY,1,0.147,0.656,0.197,0.387
343,MSCI,1,0.068,0.932,0.0,-0.361
344,CYXT,1,0.0,0.848,0.152,0.361
345,TGLS,1,0.0,1.0,0.0,0.0
346,ARQQ,1,0.0,0.909,0.091,0.202
347,PMCB,1,0.0,0.484,0.516,0.75
348,DPG,1,0.0,1.0,0.0,0.0
349,ARVL,1,0.0,1.0,0.0,0.0
350,QD,1,0.333,0.506,0.161,-0.7
351,DAL,1,0.0,0.753,0.247,0.921
352,PENN,1,0.0,0.811,0.189,0.421
353,AAL,1,0.0,1.0,0.0,0.0
354,UAL,1,0.0,1.0,0.0,0.0
355,CALT,1,0.0,0.819,0.181,0.477
356,OKE,1,0.0,1.0,0.0,0.0
357,BMRA,1,0.0,1.0,0.0,0.0
358,GIIX,1,0.0,0.75,0.25,0.94
359,KE,1,0.273,0.727,0.0,-0.459
360,BCE,1,0.0,1.0,0.0,0.0
361,EDR,1,0.105,0.766,0.129,0.153
362,CABA,1,0.0,0.621,0.379,0.598
363,NICE,1,0.385,0.256,0.359,-0.052
364,UE,1,0.0,1.0,0.0,0.0
365,IO,1,0.0,1.0,0.0,0.0
366,WKHS,1,0.0,0.426,0.574,0.402
367,CATL,1,0.0,0.643,0.357,0.718
368,OTLY,1,0.0,0.5,0.5,0.718
369,NFLX,1,0.714,0.286,0.0,-0.361
370,SBLK,1,0.0,0.625,0.375,0.66
371,EBAY,1,0.0,1.0,0.0,0.0
372,CRON,1,0.0,1.0,0.0,0.0
373,CD,1,0.0,1.0,0.0,0.0
374,ACB,1,0.0,1.0,0.0,0.0
375,AZ,1,0.0,1.0,0.0,0.0
376,TFSA,1,0.0,1.0,0.0,0.0
377,NEGG,1,0.545,0.455,0.0,-0.699
378,OXLC,1,0.0,1.0,0.0,0.0
379,GS,1,0.396,0.604,0.0,-0.507
380,OCLN,1,0.0,1.0,0.0,0.0
381,GWH,1,0.0,1.0,0.0,0.0
382,IBKR,1,0.0,1.0,0.0,0.0
383,SNOW,1,0.444,0.556,0.0,-0.153
384,AQST,1,0.0,1.0,0.0,0.0
385,EGY,1,0.0,1.0,0.0,0.0
386,ADGI,1,0.191,0.727,0.082,-0.527
387,KIDS,1,0.274,0.726,0.0,-0.527
388,SLDP,1,0.0,0.89,0.11,0.153
389,CPA,1,0.078,0.819,0.102,0.178
390,EARN,1,0.149,0.474,0.377,0.522
391,CVS,1,0.0,0.375,0.625,0.718
392,HYMC,1,0.0,1.0,0.0,0.0
393,HSBC,1,0.314,0.686,0.0,-0.494
394,DEX,1,0.214,0.584,0.201,-0.052
395,NVX,1,0.133,0.867,0.0,-0.382
396,CIK,1,0.0,0.843,0.157,0.077
397,TAK,1,0.0,0.811,0.189,0.42
398,BTO,1,0.0,1.0,0.0,0.0
399,LKQ,1,0.139,0.861,0.0,-0.572
400,GENI,1,0.0,0.75,0.25,0.893
401,DNMR,1,0.0,1.0,0.0,0.0
402,SA,1,0.0,0.638,0.362,0.609
403,VAL,1,0.0,0.638,0.362,0.609
404,COOP,1,0.0,1.0,0.0,0.0
405,ELVT,1,0.0,1.0,0.0,0.0
406,GAME,1,0.0,0.739,0.261,0.547
407,IBRX,1,0.0,0.667,0.333,0.718
408,NAVB,1,0.0,1.0,0.0,0.0
409,PHI,1,0.0,0.838,0.162,0.828
410,MRVL,1,0.0,0.297,0.703,0.796
411,DBX,1,0.096,0.674,0.23,0.866
412,CC,1,0.12,0.634,0.246,0.376
413,BCEL,1,0.161,0.839,0.0,-0.318
414,UAVS,1,0.0,1.0,0.0,0.0
415,PTC,1,0.0,1.0,0.0,0.0
416,MSM,1,0.0,1.0,0.0,0.0
417,APT,1,0.0,1.0,0.0,0.0
418,POSH,1,0.0,1.0,0.0,0.0
419,FSI,1,0.0,1.0,0.0,0.0
420,LIDR,1,0.0,0.829,0.171,0.399
421,AAP,1,0.176,0.62,0.205,0.192
422,TH,1,0.0,0.9,0.1,0.114
423,GOOD,1,0.13,0.739,0.13,0.0
424,MVO,1,0.0,0.832,0.168,0.532
425,ERC,1,0.0,1.0,0.0,0.0
426,VISL,1,0.047,0.58,0.373,0.945
427,EPAY,1,0.0,0.844,0.156,0.586
428,ABC,1,0.15,0.7,0.15,0.0
429,EFT,1,0.0,1.0,0.0,0.0
430,HIMS,1,0.0,0.783,0.217,0.361
431,NUE,1,0.149,0.641,0.211,0.385
432,PBH,1,0.148,0.852,0.0,-0.271
433,ET,1,0.0,0.649,0.351,0.402
434,PAY,1,0.151,0.849,0.0,-0.281
435,FOLD,1,0.151,0.849,0.0,-0.281
436,OM,1,0.222,0.529,0.249,0.094
437,AKBA,1,0.0,1.0,0.0,0.0
438,BLND,1,0.0,0.643,0.357,0.718
439,BCRX,1,0.0,0.884,0.116,0.361
440,GOOGL,1,0.0,0.864,0.136,0.026
441,GLPG,1,0.0,0.904,0.096,0.572
442,JWN,1,0.0,1.0,0.0,0.0
443,DG,1,0.0,0.719,0.281,0.511
444,LGHL,1,0.0,1.0,0.0,0.0
445,CS,1,0.166,0.716,0.118,-0.363
