,index,Mentions,Bearish,Neutral,Bullish,Total/Compound
0,GME,75,0.085,0.745,0.170,0.140
1,FB,67,0.125,0.709,0.167,0.067
2,PTON,57,0.176,0.715,0.109,-0.077
3,AMC,45,0.107,0.763,0.129,0.059
4,SPY,40,0.146,0.726,0.127,-0.037
5,AFRM,31,0.197,0.717,0.086,-0.050
6,DD,25,0.068,0.829,0.103,0.075
7,SNAP,23,0.171,0.658,0.171,0.068
8,AMZN,22,0.068,0.686,0.247,0.271
9,TSLA,17,0.029,0.806,0.165,0.163
10,TWTR,16,0.029,0.921,0.051,0.030
11,DWAC,15,0.030,0.798,0.171,0.130
12,AMD,13,0.037,0.773,0.190,0.113
13,ON,12,0.077,0.708,0.216,0.211
14,GOOGL,11,0.041,0.743,0.216,0.179
15,DIS,11,0.134,0.683,0.183,0.063
16,YOU,10,0.031,0.749,0.220,0.317
17,SNDL,10,0.000,0.785,0.215,0.279
18,NEXT,9,0.145,0.708,0.146,0.216
19,ALL,9,0.102,0.763,0.135,0.027
20,SENS,9,0.079,0.687,0.234,0.198
21,IT,9,0.113,0.617,0.270,0.162
22,CFVI,9,0.015,0.598,0.387,0.647
23,SI,9,0.053,0.882,0.065,0.165
24,PYPL,8,0.000,0.821,0.179,0.289
25,NVDA,8,0.000,0.693,0.307,0.438
26,SOFI,8,0.108,0.579,0.313,0.267
27,NS,8,0.077,0.765,0.157,0.135
28,SAVA,8,0.202,0.682,0.117,-0.105
29,FREE,7,0.033,0.394,0.573,0.678
30,IS,7,0.000,0.874,0.126,0.183
31,SPOT,7,0.191,0.537,0.272,0.158
32,ES,7,0.000,0.640,0.360,0.402
33,CMG,7,0.221,0.766,0.013,-0.441
34,CHGG,7,0.037,0.756,0.206,0.289
35,BABA,7,0.018,0.741,0.240,0.416
36,ME,7,0.007,0.919,0.075,0.223
37,CRSR,7,0.113,0.872,0.015,-0.041
38,GTE,6,0.000,0.852,0.148,0.346
39,NFLX,6,0.030,0.625,0.345,0.495
40,NIO,6,0.155,0.725,0.119,-0.047
41,PFE,6,0.439,0.561,0.000,-0.596
42,BRCC,6,0.000,1.000,0.000,0.000
43,RDBX,5,0.132,0.552,0.315,0.186
44,WDLF,5,0.028,0.736,0.236,0.875
45,AAPL,5,0.142,0.658,0.200,0.131
46,WE,5,0.208,0.711,0.081,-0.266
47,FOR,5,0.000,0.699,0.301,0.400
48,TD,5,0.000,0.942,0.058,0.118
49,LMT,5,0.187,0.573,0.240,0.164
50,TA,5,0.082,0.918,0.000,-0.046
51,CLF,5,0.040,0.692,0.268,0.207
52,UBER,5,0.000,0.980,0.020,0.050
53,VLDR,5,0.000,0.896,0.104,0.071
54,ET,5,0.000,0.816,0.184,0.219
55,ARE,4,0.129,0.613,0.258,0.123
56,ATVI,4,0.178,0.656,0.165,0.251
57,CAN,4,0.157,0.688,0.155,-0.004
58,RIG,4,0.107,0.670,0.223,0.350
59,PHIL,4,0.000,0.746,0.254,0.947
60,LFG,4,0.007,0.783,0.210,0.542
61,NYC,4,0.293,0.542,0.164,-0.451
62,OIL,4,0.000,0.686,0.314,0.556
63,WISH,4,0.027,0.242,0.731,0.840
64,KSCP,4,0.236,0.728,0.037,-0.254
65,HOOD,4,0.200,0.750,0.049,-0.293
66,SIRI,4,0.000,0.896,0.104,0.180
67,SQ,4,0.029,0.876,0.095,-0.034
68,BY,4,0.000,0.870,0.130,0.474
69,RS,4,0.000,0.701,0.299,0.705
70,LIFE,4,0.000,0.870,0.130,0.474
71,BRO,4,0.011,0.962,0.027,0.154
72,ZNOG,4,0.028,0.897,0.075,0.299
73,APPH,4,0.000,0.414,0.586,0.561
74,IRNT,4,0.000,0.473,0.527,0.676
75,COTY,4,0.000,0.709,0.291,0.439
76,ED,3,0.205,0.730,0.064,0.009
77,BP,3,0.207,0.793,0.000,-0.268
78,IRBT,3,0.000,0.535,0.465,0.624
79,RBLX,3,0.048,0.476,0.475,0.717
80,MNMD,3,0.000,1.000,0.000,0.000
81,SPCE,3,0.000,0.763,0.237,0.271
82,OM,3,0.105,0.592,0.303,0.072
83,SP,3,0.000,0.865,0.135,0.249
84,ECAT,3,0.000,1.000,0.000,0.000
85,SDC,3,0.111,0.573,0.316,0.195
86,RH,3,0.035,0.911,0.054,0.013
87,BCH,3,0.000,0.885,0.115,0.454
88,UP,3,0.116,0.743,0.141,0.106
89,PLTR,3,0.000,0.811,0.189,0.441
90,UPS,3,0.045,0.636,0.319,0.462
91,OR,3,0.000,0.917,0.083,0.308
92,DS,3,0.079,0.621,0.300,0.248
93,THG,3,0.100,0.737,0.163,0.142
94,SAVE,3,0.000,0.393,0.607,0.389
95,QQQ,3,0.000,1.000,0.000,0.000
96,EXPR,3,0.000,0.923,0.077,0.134
97,BBIG,3,0.022,0.955,0.023,0.009
98,BULL,3,0.075,0.257,0.668,0.801
99,NEW,3,0.068,0.860,0.072,0.011
100,OG,3,0.000,0.905,0.095,0.113
101,TIL,3,0.041,0.671,0.288,0.416
102,GM,3,0.088,0.616,0.296,0.239
103,MEME,3,0.000,0.796,0.204,0.316
104,CGRN,3,0.071,0.610,0.319,0.427
105,BEEM,3,0.000,1.000,0.000,0.000
106,TLRY,3,0.000,0.842,0.158,0.220
107,CS,3,0.340,0.437,0.223,-0.429
108,ZM,3,0.000,0.729,0.271,0.387
109,ASTR,3,0.125,0.636,0.239,0.141
110,ING,3,0.034,0.949,0.017,-0.129
111,JPM,3,0.134,0.805,0.061,-0.160
112,CTRM,3,0.000,0.720,0.280,0.294
113,TCRT,3,0.000,0.878,0.122,0.106
114,ST,3,0.071,0.893,0.036,0.077
115,UWMC,3,0.000,0.864,0.136,0.178
116,SLQT,3,0.000,0.718,0.282,0.432
117,XM,3,0.000,1.000,0.000,0.000
118,MIT,3,0.141,0.533,0.326,0.537
119,TOP,3,0.190,0.686,0.124,-0.128
120,LOAN,3,0.000,0.452,0.548,0.754
121,LDI,3,0.000,0.674,0.326,0.516
122,NGS,3,0.000,1.000,0.000,0.000
123,ZG,3,0.000,0.829,0.171,0.247
124,BKKT,3,0.000,0.833,0.167,0.239
125,TWLO,3,0.000,0.725,0.275,0.420
126,NET,3,0.000,1.000,0.000,0.000
127,EVGO,3,0.252,0.593,0.155,-0.145
128,TV,3,0.000,0.893,0.107,0.151
129,CCAC,3,0.081,0.852,0.067,-0.097
130,QNGY,3,0.120,0.737,0.143,0.055
131,NG,3,0.000,0.853,0.147,0.294
132,XL,3,0.200,0.800,0.000,-0.361
133,NOK,3,0.000,0.818,0.182,0.306
134,ENPH,3,0.000,0.262,0.738,0.596
135,RAD,3,0.000,0.833,0.167,0.202
136,CVLG,3,0.000,0.509,0.491,0.731
137,UPWK,3,0.258,0.674,0.068,-0.419
138,SO,3,0.091,0.827,0.082,-0.077
139,ROKU,2,0.000,0.834,0.167,0.359
140,MP,2,0.165,0.835,0.000,-0.302
141,IBKR,2,0.363,0.559,0.078,-0.465
142,IR,2,0.000,0.715,0.285,0.306
143,API,2,0.000,1.000,0.000,0.000
144,PSA,2,0.000,0.737,0.263,0.589
145,JOBY,2,0.000,0.834,0.167,0.181
146,PFGC,2,0.300,0.631,0.069,-0.059
147,IMMX,2,0.393,0.486,0.120,-0.352
148,MVST,2,0.000,1.000,0.000,0.000
149,BTBT,2,0.000,1.000,0.000,0.000
150,NOVN,2,0.000,0.599,0.401,0.718
151,HUGE,2,0.000,0.753,0.247,0.947
152,XOM,2,0.000,0.646,0.354,0.447
153,ANY,2,0.000,0.481,0.519,0.730
154,MSFT,2,0.000,1.000,0.000,0.000
155,IQ,2,0.046,0.629,0.325,0.633
156,EA,2,0.116,0.736,0.148,0.101
157,OP,2,0.058,0.864,0.079,0.043
158,BEST,2,0.000,0.458,0.542,0.806
159,BLE,2,0.472,0.528,0.000,-0.611
160,ARK,2,0.051,0.734,0.214,0.654
161,UVXY,2,0.086,0.850,0.065,-0.211
162,PM,2,0.000,0.633,0.367,0.699
163,RMED,2,0.000,0.688,0.312,0.359
164,SAFE,2,0.000,0.488,0.512,0.849
165,FA,2,0.000,0.797,0.203,0.379
166,UK,2,0.188,0.704,0.108,-0.049
167,NKLA,2,0.000,1.000,0.000,0.000
168,SPG,2,0.000,1.000,0.000,0.000
169,AN,2,0.000,0.778,0.222,0.443
170,AG,2,0.194,0.452,0.355,0.361
171,DE,2,0.194,0.452,0.355,0.361
172,VS,2,0.000,0.678,0.322,0.401
173,RIVN,2,0.206,0.793,0.000,-0.138
174,BIRD,2,0.000,1.000,0.000,0.000
175,UAA,2,0.000,0.837,0.163,0.220
176,RELI,2,0.000,0.555,0.445,0.493
177,ULCC,2,0.000,0.608,0.392,0.318
178,APPS,2,0.073,0.719,0.207,0.102
179,CRNC,2,0.000,0.836,0.164,0.374
180,BCHG,2,0.000,0.828,0.172,0.681
181,PJT,2,0.000,0.167,0.833,0.718
182,CVS,2,0.193,0.338,0.471,0.450
183,USA,2,0.048,0.705,0.247,0.642
184,NU,2,0.000,0.810,0.190,0.284
185,FSRD,2,0.000,0.621,0.379,0.840
186,RKT,2,0.172,0.677,0.150,-0.064
187,SST,2,0.000,0.800,0.200,0.459
188,CMPS,2,0.401,0.599,0.000,-0.718
189,INTC,2,0.000,1.000,0.000,0.000
190,BJDX,2,0.115,0.740,0.146,0.084
191,SE,2,0.000,1.000,0.000,0.000
192,MARK,2,0.000,0.740,0.260,0.947
193,STEM,2,0.000,0.584,0.416,0.476
194,XELA,2,0.000,0.734,0.266,0.663
195,QS,2,0.000,0.734,0.266,0.663
196,CORT,2,0.000,0.734,0.266,0.663
197,RMO,2,0.000,0.734,0.266,0.663
198,JAN,2,0.082,0.672,0.246,0.414
199,CCL,2,0.000,0.510,0.490,0.579
200,RC,2,0.000,1.000,0.000,0.000
201,BOXD,2,0.393,0.409,0.198,-0.394
202,CROX,2,0.232,0.715,0.053,-0.925
203,PLUG,2,0.000,0.925,0.074,0.211
204,BJ,2,0.000,0.570,0.430,0.861
205,LMAO,2,0.137,0.547,0.317,0.562
206,SB,2,0.137,0.547,0.317,0.562
207,VVV,2,0.000,1.000,0.000,0.000
208,BBBY,2,0.000,0.764,0.236,0.374
209,PIK,2,0.194,0.620,0.186,0.028
210,ATER,2,0.000,0.778,0.222,0.246
211,PT,2,0.000,0.787,0.212,0.406
212,ECOL,2,0.000,1.000,0.000,0.000
213,HOFV,2,0.000,0.722,0.278,0.359
214,CBD,2,0.256,0.744,0.000,-0.247
215,GO,2,0.000,0.879,0.120,0.312
216,RSI,2,0.000,0.853,0.147,0.749
217,PETZ,2,0.000,0.853,0.147,0.749
218,SFT,2,0.000,1.000,0.000,0.000
219,CC,2,0.287,0.525,0.188,0.028
220,BENEW,2,0.000,1.000,0.000,0.000
221,RMTI,2,0.000,0.750,0.250,0.359
222,BOOM,2,0.000,1.000,0.000,0.000
223,COIN,1,0.241,0.759,0.000,-0.542
224,TY,1,0.000,1.000,0.000,0.000
225,CBOE,1,0.000,1.000,0.000,0.000
226,GOOD,1,0.000,0.346,0.654,0.583
227,CE,1,0.000,1.000,0.000,0.000
228,PBF,1,0.000,1.000,0.000,0.000
229,KEYS,1,0.000,1.000,0.000,0.000
230,TSE,1,0.000,0.794,0.206,0.599
231,CIA,1,0.000,0.794,0.206,0.599
232,TH,1,0.000,0.612,0.388,0.663
233,NAT,1,0.000,1.000,0.000,0.000
234,MTCH,1,0.000,1.000,0.000,0.000
235,KE,1,0.232,0.670,0.098,-0.611
236,WTI,1,0.427,0.573,0.000,-0.303
237,AMKR,1,0.000,1.000,0.000,0.000
238,OSK,1,0.375,0.625,0.000,-0.557
239,CSII,1,0.300,0.700,0.000,-0.594
240,TLSA,1,0.000,1.000,0.000,0.000
241,TSM,1,0.184,0.441,0.376,0.560
242,EXP,1,0.349,0.229,0.423,0.318
243,OC,1,0.180,0.820,0.000,-0.296
244,TMUS,1,0.000,1.000,0.000,0.000
245,TXMD,1,0.000,0.556,0.444,0.611
246,GPRO,1,0.000,1.000,0.000,0.000
247,SBLK,1,0.000,0.712,0.288,0.428
248,HYPR,1,0.000,0.588,0.412,0.421
249,TTWO,1,0.000,0.476,0.524,0.296
250,HYZN,1,0.000,1.000,0.000,0.000
251,GF,1,0.209,0.605,0.185,-0.172
252,XRX,1,0.549,0.451,0.000,-0.899
253,PHUN,1,0.000,1.000,0.000,0.000
254,IRS,1,0.176,0.704,0.121,-0.273
255,DISCA,1,0.000,1.000,0.000,0.000
256,AU,1,0.066,0.866,0.069,0.026
257,PERI,1,0.000,0.745,0.255,0.340
258,IO,1,0.234,0.398,0.368,0.399
259,GAN,1,0.277,0.723,0.000,-0.318
260,OUT,1,0.000,1.000,0.000,0.000
261,MRNA,1,0.000,1.000,0.000,0.000
262,ABNB,1,0.000,1.000,0.000,0.000
263,DTE,1,0.000,0.831,0.169,0.258
264,NE,1,0.000,0.556,0.444,0.886
265,LOVE,1,0.000,0.556,0.444,0.886
266,SELF,1,0.000,0.556,0.444,0.886
267,DAL,1,0.000,0.556,0.444,0.886
268,GAME,1,0.000,0.357,0.643,0.802
269,SKT,1,0.000,1.000,0.000,0.000
270,AM,1,0.213,0.787,0.000,-0.402
271,GOOS,1,0.000,1.000,0.000,0.000
272,LODE,1,0.000,0.531,0.469,0.742
273,TRT,1,0.000,1.000,0.000,0.000
274,DRS,1,0.000,1.000,0.000,0.000
275,NVTS,1,0.000,1.000,0.000,0.000
276,CENN,1,0.000,0.599,0.401,0.748
277,TSN,1,0.000,0.533,0.467,0.791
278,CLBT,1,0.000,1.000,0.000,0.000
279,UL,1,0.156,0.670,0.174,0.060
280,TSRI,1,0.000,1.000,0.000,0.000
281,FSLR,1,0.168,0.832,0.000,-0.387
282,OSH,1,0.168,0.832,0.000,-0.387
283,HI,1,0.049,0.778,0.173,0.679
284,FOX,1,0.102,0.855,0.043,-0.494
285,CFVIW,1,0.102,0.855,0.043,-0.494
286,MD,1,0.000,1.000,0.000,0.000
287,PHUNW,1,0.000,0.375,0.625,0.718
288,RICH,1,0.366,0.437,0.197,-0.475
289,LKCO,1,0.000,1.000,0.000,0.000
290,RMBL,1,0.000,0.526,0.474,0.402
291,HL,1,0.000,1.000,0.000,0.000
292,LEAP,1,0.000,0.375,0.625,0.718
293,MARA,1,0.000,1.000,0.000,0.000
294,ACLS,1,0.000,1.000,0.000,0.000
295,SPPI,1,0.000,1.000,0.000,0.000
296,NVAX,1,0.000,0.362,0.638,0.742
297,WEBR,1,0.000,1.000,0.000,0.000
298,MC,1,0.000,1.000,0.000,0.000
299,HCMC,1,0.000,1.000,0.000,0.000
300,GOEV,1,0.000,0.853,0.147,0.414
301,WKHS,1,0.000,0.853,0.147,0.414
302,HOG,1,0.000,0.688,0.312,0.718
303,FMG,1,0.000,0.688,0.312,0.612
304,HEXO,1,0.224,0.528,0.249,0.248
305,BB,1,0.000,1.000,0.000,0.000
306,WEAT,1,0.111,0.769,0.120,0.052
307,BK,1,0.000,1.000,0.000,0.000
308,BTCM,1,0.000,1.000,0.000,0.000
309,JP,1,0.000,1.000,0.000,0.000
310,DVAX,1,0.000,0.480,0.520,0.670
311,MS,1,0.263,0.474,0.263,0.000
312,DECK,1,0.306,0.694,0.000,-0.774
313,GAMB,1,0.065,0.850,0.085,0.178
314,EE,1,0.000,0.807,0.193,0.780
315,AE,1,0.000,0.807,0.193,0.780
316,AKA,1,0.000,1.000,0.000,0.000
317,SGH,1,0.139,0.763,0.098,0.453
318,ONS,1,0.139,0.763,0.098,0.453
319,BEP,1,0.000,0.769,0.231,0.402
320,OCGN,1,0.000,1.000,0.000,0.000
321,CB,1,0.000,1.000,0.000,0.000
322,AL,1,0.000,0.830,0.170,0.309
323,SOPA,1,0.000,1.000,0.000,0.000
324,LOW,1,0.229,0.479,0.292,0.169
325,LYFT,1,0.360,0.432,0.209,-0.477
326,WHEN,1,0.000,1.000,0.000,0.000
327,VICR,1,0.417,0.583,0.000,-0.718
328,EGLX,1,0.000,0.502,0.498,0.873
329,MF,1,0.000,1.000,0.000,0.000
330,CRDO,1,0.000,1.000,0.000,0.000
331,ASA,1,0.000,1.000,0.000,0.000
332,SAM,1,0.000,1.000,0.000,0.000
333,BLK,1,0.000,1.000,0.000,0.000
334,FOMC,1,0.000,1.000,0.000,0.000
335,AAL,1,0.000,1.000,0.000,0.000
336,MNDT,1,0.000,1.000,0.000,0.000
337,SBEV,1,0.000,1.000,0.000,0.000
338,MGM,1,0.000,0.828,0.172,0.718
339,EVFM,1,0.000,0.500,0.500,0.250
340,DOCN,1,0.000,0.645,0.355,0.296
341,ARVL,1,0.000,1.000,0.000,0.000
342,XRTX,1,0.080,0.750,0.171,0.691
343,DOCS,1,0.129,0.765,0.106,-0.178
344,EOS,1,0.000,0.896,0.104,0.296
345,RTX,1,0.000,0.636,0.364,0.533
346,EARN,1,0.000,0.899,0.101,0.202
347,PLAY,1,0.000,0.899,0.101,0.202
348,DOUG,1,0.000,1.000,0.000,0.000
349,ASX,1,0.000,1.000,0.000,0.000
350,CLOV,1,0.155,0.845,0.000,-0.295
351,PIXY,1,0.000,1.000,0.000,0.000
352,CAR,1,0.000,0.375,0.625,0.718
353,ACT,1,0.330,0.670,0.000,-0.604
354,NCLH,1,0.000,0.734,0.266,0.440
355,RCL,1,0.000,0.734,0.266,0.440
356,TCS,1,0.000,1.000,0.000,0.000
357,DM,1,0.000,0.844,0.156,0.718
358,DCFC,1,0.000,1.000,0.000,0.000
359,RLX,1,0.000,1.000,0.000,0.000
360,CTS,1,0.000,1.000,0.000,0.000
361,IAG,1,0.000,1.000,0.000,0.000
362,TWO,1,0.000,0.719,0.281,0.778
363,TTCF,1,0.240,0.440,0.320,0.459
364,LAC,1,0.000,1.000,0.000,0.000
365,CGC,1,0.000,0.219,0.781,0.554
366,ATOS,1,0.000,0.672,0.328,0.748
367,CEMI,1,0.000,1.000,0.000,0.000
368,RIOT,1,0.558,0.309,0.133,-0.892
369,MGI,1,0.000,0.667,0.333,0.718
370,SKLZ,1,0.103,0.690,0.207,0.459
371,MRSN,1,0.000,0.580,0.420,0.440
372,MVIS,1,0.333,0.667,0.000,-0.459
373,IGMS,1,0.000,0.631,0.369,0.625
374,CVNA,1,0.000,0.726,0.274,0.599
375,VRM,1,0.000,0.726,0.274,0.599
376,PTE,1,0.000,1.000,0.000,0.000
377,ICE,1,0.000,0.922,0.078,0.525
378,GGPI,1,0.000,1.000,0.000,0.000
379,SQSP,1,0.000,1.000,0.000,0.000
380,CYRN,1,0.000,0.809,0.191,0.625
381,YELP,1,0.095,0.905,0.000,-0.622
382,WMT,1,0.000,1.000,0.000,0.000
383,INFO,1,0.000,1.000,0.000,0.000
384,OPEN,1,0.000,0.783,0.217,0.691
385,NOW,1,0.000,0.304,0.696,0.925
386,INVA,1,0.264,0.591,0.145,-0.382
387,MU,1,0.000,1.000,0.000,0.000
388,TTE,1,0.084,0.749,0.167,0.566
389,SHEL,1,0.084,0.749,0.167,0.566
390,UONE,1,0.000,1.000,0.000,0.000
391,WW,1,0.000,1.000,0.000,0.000
392,VIAC,1,0.000,1.000,0.000,0.000
393,EBET,1,0.000,0.412,0.588,0.691
394,KAVL,1,0.000,0.872,0.128,0.421
395,GOFF,1,0.000,1.000,0.000,0.000
396,BCRX,1,0.000,1.000,0.000,0.000
397,CARE,1,0.000,0.335,0.665,0.715
398,ATAI,1,0.000,1.000,0.000,0.000
399,GH,1,0.000,0.759,0.241,0.624
400,ENS,1,0.000,0.759,0.241,0.624
401,APP,1,0.000,0.759,0.241,0.624
402,USX,1,0.000,0.707,0.293,0.440
403,GOCO,1,0.125,0.633,0.242,0.807
404,SBEA,1,0.000,1.000,0.000,0.000
405,BCTX,1,0.000,1.000,0.000,0.000
406,ELY,1,0.000,0.588,0.412,0.273
407,VERY,1,0.201,0.799,0.000,-0.506
408,METX,1,0.000,1.000,0.000,0.000
409,GAIN,1,0.333,0.247,0.420,0.178
410,DPRO,1,0.152,0.649,0.199,0.026
411,SONY,1,0.000,0.670,0.330,0.710
412,RE,1,0.095,0.764,0.141,0.281
413,EM,1,0.000,0.417,0.583,0.421
414,DELL,1,0.000,0.745,0.255,0.340
